"country"	"year"	"population"	"cases_low"	"cases"	"cases_high"	"deaths_low"	"deaths"	"deaths_high"
"Algeria"	2000	1807701	NA	34	NA	NA	2	NA
"Algeria"	2001	1832745	NA	6	NA	NA	1	NA
"Algeria"	2002	1857634	NA	10	NA	NA	0	NA
"Algeria"	2003	1882962	NA	5	NA	NA	0	NA
"Algeria"	2004	1909648	NA	2	NA	NA	0	NA
"Algeria"	2005	1935875	NA	1	NA	NA	0	NA
"Algeria"	2006	1963976	NA	1	NA	NA	0	NA
"Algeria"	2007	1996210	NA	26	NA	NA	0	NA
"Algeria"	2008	2030617	NA	3	NA	NA	0	NA
"Algeria"	2009	2067415	NA	0	NA	NA	0	NA
"Algeria"	2010	2106201	NA	1	NA	NA	1	NA
"Algeria"	2011	2146567	NA	1	NA	NA	0	NA
"Algeria"	2012	2188685	NA	55	NA	NA	0	NA
"Algeria"	2013	2232156	NA	8	NA	NA	0	NA
"Algeria"	2014	2276772	NA	0	NA	NA	0	NA
"Algeria"	2015	2322764	NA	0	NA	NA	0	NA
"Algeria"	2016	2369532	NA	0	NA	NA	0	NA
"Algeria"	2017	2416360	NA	0	NA	NA	0	NA
"Algeria"	2018	2462792	NA	0	NA	NA	0	NA
"Algeria"	2019	2508513	NA	0	NA	NA	0	NA
"Algeria"	2020	2552350	NA	0	NA	NA	0	NA
"Algeria"	2021	2595013	NA	0	NA	NA	0	NA
"Angola"	2000	16394062	3236000	5339605	8305000	21100	23478	26200
"Angola"	2001	16941588	3373000	5533981	8504000	21300	23856	26700
"Angola"	2002	17516140	3325000	5414605	8296000	19600	21992	24700
"Angola"	2003	18124342	3647000	5686167	8424000	19700	22162	25000
"Angola"	2004	18771124	4083000	5889113	8234000	19500	22190	25200
"Angola"	2005	19450960	4635000	6146933	7996000	18800	21628	24900
"Angola"	2006	20162340	4693000	6076182	7752000	17400	20340	23900
"Angola"	2007	20909684	4435000	5736210	7278000	15200	18172	21700
"Angola"	2008	21691522	3863000	5063972	6515000	12600	15179	18400
"Angola"	2009	22507674	3343000	4429795	5763000	10700	13168	16200
"Angola"	2010	23364184	3010000	4035439	5309000	9870	12352	15500
"Angola"	2011	24259112	2845000	3812871	5003000	9210	11773	15100
"Angola"	2012	25188292	2902000	3884445	5100000	8800	11463	15000
"Angola"	2013	26147002	3119000	4201780	5552000	8650	11470	15400
"Angola"	2014	27128336	3416000	4524454	5923000	8610	11659	16000
"Angola"	2015	28127720	3800000	4969705	6372000	9100	12675	18000
"Angola"	2016	29154746	4280000	5523430	6989000	9510	13553	19800
"Angola"	2017	30208628	4902000	6312055	8010000	9740	14080	21000
"Angola"	2018	31273532	5140000	6700267	8519000	9520	13624	20500
"Angola"	2019	32353588	5514000	7352473	9561000	9630	13897	21300
"Angola"	2020	33428486	5591000	8410016	12200000	9990	14853	23700
"Angola"	2021	34503776	5818000	8794084	12740000	11400	17836	29800
"Benin"	2000	6998023	2153000	2886309	3813000	7030	7420	7840
"Benin"	2001	7212041	2389000	3107278	3960000	7250	7662	8100
"Benin"	2002	7431783	2620000	3371811	4264000	8220	8693	9200
"Benin"	2003	7659208	2826000	3601326	4523000	9200	9748	10300
"Benin"	2004	7894554	3088000	3859662	4763000	10500	11134	11800
"Benin"	2005	8149419	3266000	4026128	4910000	11500	12180	12900
"Benin"	2006	8402631	3366000	4140781	5049000	12300	13078	13900
"Benin"	2007	8647761	3456000	4220168	5116000	11600	12342	13100
"Benin"	2008	8906469	3413000	4183971	5108000	10100	10790	11500
"Benin"	2009	9172514	3225000	4032019	5026000	8870	9491	10100
"Benin"	2010	9445710	3027000	3862955	4873000	8110	8694	9320
"Benin"	2011	9726380	2862000	3703932	4723000	7840	8429	9060
"Benin"	2012	10014078	2831000	3650774	4614000	8290	8942	9640
"Benin"	2013	10308730	2912000	3753591	4731000	9210	9973	10800
"Benin"	2014	10614844	3056000	3917119	4932000	9680	10522	11400
"Benin"	2015	10932783	3398000	4260585	5273000	10500	11546	12600
"Benin"	2016	11260085	3833000	4721694	5784000	10700	11849	13000
"Benin"	2017	11596779	3919000	4876484	5953000	9790	10854	12000
"Benin"	2018	11940683	3843000	4872597	6058000	9320	10428	11700
"Benin"	2019	12290444	3806000	4937253	6291000	9160	10454	11900
"Benin"	2020	12643123	3327000	4781051	6563000	8870	10585	12700
"Benin"	2021	12996895	3541000	4983668	6875000	8590	11154	14400
"Botswana"	2000	1144956	13000	19146	33000	20	49	100
"Botswana"	2001	1168124	4700	7698	15000	7	19	44
"Botswana"	2002	1190135	2100	3663	7100	3	9	21
"Botswana"	2003	1211173	750	1862	4500	1	4	13
"Botswana"	2004	1232536	250	1217	3700	0	3	10
"Botswana"	2005	1254893	850	1466	2800	1	3	8
"Botswana"	2006	1278692	3200	4801	7800	5	12	24
"Botswana"	2007	1304066	500	1292	3200	0	3	9
"Botswana"	2008	1330813	1200	2457	4900	2	6	15
"Botswana"	2009	1358444	1300	2719	5100	2	6	15
"Botswana"	2010	1386731	1300	2229	3900	2	5	12
"Botswana"	2011	1414823	520	682	950	0	1	3
"Botswana"	2012	1442263	230	304	410	0	0	1
"Botswana"	2013	1470010	570	725	1000	0	1	3
"Botswana"	2014	1498584	1600	2076	2800	2	5	9
"Botswana"	2015	1528282	350	455	620	0	1	2
"Botswana"	2016	1559604	760	985	1300	1	2	4
"Botswana"	2017	1592371	2300	2933	4000	3	7	13
"Botswana"	2018	1625235	620	808	1100	0	2	3
"Botswana"	2019	1657252	200	259	360	0	0	1
"Botswana"	2020	1688213	1200	1776	2700	1	4	8
"Botswana"	2021	1716072	820	1067	1500	1	2	4
"Burkina Faso"	2000	11882888	5672000	7121621	8835000	35600	37845	40300
"Burkina Faso"	2001	12249764	5865000	7346774	9048000	38200	40660	43400
"Burkina Faso"	2002	12632269	6023000	7513033	9196000	36500	38905	41600
"Burkina Faso"	2003	13030591	6110000	7615906	9373000	35200	37642	40300
"Burkina Faso"	2004	13445977	6050000	7546925	9280000	32900	35229	37800
"Burkina Faso"	2005	13876127	5819000	7363398	9204000	30300	32505	34900
"Burkina Faso"	2006	14316242	5772000	7347269	9212000	29300	31512	33900
"Burkina Faso"	2007	14757074	6064000	7693631	9614000	30100	32545	35100
"Burkina Faso"	2008	15197915	6759000	8386574	10290000	32800	35534	38500
"Burkina Faso"	2009	15650022	7147000	8932652	10950000	28800	31446	34300
"Burkina Faso"	2010	16116845	7399000	9194223	11260000	32800	36142	39700
"Burkina Faso"	2011	16602651	7455000	9242057	11290000	31400	34912	38700
"Burkina Faso"	2012	17113732	7380000	9159529	11230000	25200	28346	31900
"Burkina Faso"	2013	17636408	6941000	8620220	10590000	23800	27175	31100
"Burkina Faso"	2014	18169842	6535000	8132937	1e+07	20200	23619	27600
"Burkina Faso"	2015	18718020	6210000	7848131	9775000	18400	21940	26200
"Burkina Faso"	2016	19275498	5351000	7215226	9555000	16900	20625	25200
"Burkina Faso"	2017	19835858	4906000	7093584	1e+07	16200	20228	25500
"Burkina Faso"	2018	20392724	4892000	7280725	10380000	14500	18482	24100
"Burkina Faso"	2019	20951640	5064000	7472680	10750000	14700	19228	25900
"Burkina Faso"	2020	21522626	5375000	8122685	11720000	14300	21402	33100
"Burkina Faso"	2021	22100684	5527000	8326915	12050000	13400	18976	28000
"Burundi"	2000	6307659	2059000	2828604	3815000	10500	11340	12300
"Burundi"	2001	6465729	2118000	2817680	3708000	9690	10469	11400
"Burundi"	2002	6648938	2053000	2777742	3656000	8500	9186	9970
"Burundi"	2003	6860846	1984000	2699483	3594000	7660	8268	8970
"Burundi"	2004	7120496	1809000	2453417	3258000	6550	7064	7650
"Burundi"	2005	7388874	1711000	2307035	3045000	5700	6117	6600
"Burundi"	2006	7658190	1554000	2161939	2903000	5320	5699	6130
"Burundi"	2007	7944609	1316000	1891093	2611000	5150	5512	5920
"Burundi"	2008	8278109	1164000	1694813	2379000	5160	5529	5960
"Burundi"	2009	8709366	1046000	1532448	2181000	5140	5530	5970
"Burundi"	2010	9126605	1050000	1544609	2198000	5080	5470	5930
"Burundi"	2011	9455733	1089000	1560776	2191000	4810	5187	5630
"Burundi"	2012	9795479	1163000	1628919	2219000	4660	5048	5510
"Burundi"	2013	10149577	1275000	1778478	2420000	4500	4899	5390
"Burundi"	2014	10494913	1368000	1916653	2607000	4530	4990	5560
"Burundi"	2015	10727148	1543000	2144520	2908000	4650	5198	5910
"Burundi"	2016	10903327	1856000	2526223	3358000	5090	5851	6890
"Burundi"	2017	11155593	2050000	2794830	3720000	5230	6125	7390
"Burundi"	2018	11493472	2477000	3315862	4379000	4600	5299	6320
"Burundi"	2019	11874838	2531000	3549058	4887000	4600	5315	6420
"Burundi"	2020	12220227	2352000	3708079	5573000	4640	5792	7810
"Burundi"	2021	12551213	2280000	3657985	5557000	4700	5957	8240
"Cabo Verde"	2000	119145	NA	144	NA	NA	0	NA
"Cabo Verde"	2001	121149	NA	107	NA	NA	0	NA
"Cabo Verde"	2002	123040	NA	76	NA	NA	2	NA
"Cabo Verde"	2003	124823	NA	68	NA	NA	4	NA
"Cabo Verde"	2004	126511	NA	45	NA	NA	4	NA
"Cabo Verde"	2005	128135	NA	68	NA	NA	2	NA
"Cabo Verde"	2006	129709	NA	80	NA	NA	8	NA
"Cabo Verde"	2007	131230	NA	18	NA	NA	2	NA
"Cabo Verde"	2008	132687	NA	35	NA	NA	2	NA
"Cabo Verde"	2009	134065	NA	65	NA	NA	2	NA
"Cabo Verde"	2010	135515	NA	47	NA	NA	1	NA
"Cabo Verde"	2011	137155	NA	7	NA	NA	1	NA
"Cabo Verde"	2012	138804	NA	1	NA	NA	0	NA
"Cabo Verde"	2013	140384	NA	22	NA	NA	0	NA
"Cabo Verde"	2014	141979	NA	26	NA	NA	1	NA
"Cabo Verde"	2015	143563	NA	7	NA	NA	0	NA
"Cabo Verde"	2016	145182	NA	49	NA	NA	1	NA
"Cabo Verde"	2017	146888	NA	423	NA	NA	2	NA
"Cabo Verde"	2018	148512	NA	2	NA	NA	0	NA
"Cabo Verde"	2019	150027	NA	0	NA	NA	0	NA
"Cabo Verde"	2020	151486	NA	0	NA	NA	0	NA
"Cabo Verde"	2021	152860	NA	0	NA	NA	0	NA
"Cameroon"	2000	15091594	4858000	6133781	7672000	15100	16029	17000
"Cameroon"	2001	15493253	5102000	6421751	7948000	15000	15962	17000
"Cameroon"	2002	15914033	5212000	6530590	8124000	16200	17289	18400
"Cameroon"	2003	16354326	5515000	6910604	8574000	16800	17958	19200
"Cameroon"	2004	16809408	5789000	7231963	8913000	17800	19026	20400
"Cameroon"	2005	17275172	5792000	7297108	9106000	18400	19704	21100
"Cameroon"	2006	17751332	5557000	7222479	9224000	18200	19474	20900
"Cameroon"	2007	18251866	5298000	7031151	9201000	16600	17798	19100
"Cameroon"	2008	18777080	4832000	6574374	8732000	14600	15635	16700
"Cameroon"	2009	19319274	4370000	5936562	7877000	13300	14198	15200
"Cameroon"	2010	19878036	4249000	5688134	7415000	12200	13110	14000
"Cameroon"	2011	20448872	4124000	5451139	7021000	11300	12048	12900
"Cameroon"	2012	21032684	4070000	5418988	7102000	11200	12056	12900
"Cameroon"	2013	21632850	4161000	5667877	7535000	11400	12197	13100
"Cameroon"	2014	22299584	4234000	5825479	7800000	11600	12438	13400
"Cameroon"	2015	23012646	4386000	5996035	8053000	12000	12932	14000
"Cameroon"	2016	23711630	4604000	6126789	8036000	12600	13698	15000
"Cameroon"	2017	24393180	4720000	6151314	7931000	12400	13736	15200
"Cameroon"	2018	25076748	4711000	6218960	8007000	11500	12898	14500
"Cameroon"	2019	25782340	4526000	6246049	8397000	11300	12792	14600
"Cameroon"	2020	26491088	4187000	6601170	9884000	11900	14505	17900
"Cameroon"	2021	27198628	4301000	6665957	10060000	11200	13839	17300
"Central African Republic"	2000	3759170	1089000	1661418	2411000	6780	7525	8340
"Central African Republic"	2001	3844773	1104000	1668386	2458000	6920	7709	8580
"Central African Republic"	2002	3930648	1142000	1707571	2459000	7040	7862	8820
"Central African Republic"	2003	4026841	1216000	1767275	2491000	7470	8391	9480
"Central African Republic"	2004	4115138	1289000	1837290	2530000	7750	8777	10000
"Central African Republic"	2005	4208834	1297000	1872113	2610000	8170	9367	10800
"Central African Republic"	2006	4294352	1294000	1889964	2649000	8630	10017	11800
"Central African Republic"	2007	4375569	1270000	1891580	2726000	8410	9890	11800
"Central African Republic"	2008	4467233	1203000	1888773	2848000	7710	9181	11200
"Central African Republic"	2009	4564540	1116000	1869529	2926000	7220	8749	10900
"Central African Republic"	2010	4660067	1034000	1843530	3071000	6540	8125	10300
"Central African Republic"	2011	4732022	987000	1825670	3070000	5710	7279	9470
"Central African Republic"	2012	4773306	987000	1802996	3e+06	5590	7343	9840
"Central African Republic"	2013	4802428	995000	1782614	2992000	5050	6813	9450
"Central African Republic"	2014	4798734	971000	1740283	2919000	4800	6684	9590
"Central African Republic"	2015	4819333	901000	1669623	2837000	4320	6174	9160
"Central African Republic"	2016	4904177	869000	1638585	2790000	3940	5763	8860
"Central African Republic"	2017	4996741	868000	1642425	2845000	3680	5533	8740
"Central African Republic"	2018	5094780	868000	1654108	2868000	3520	5397	8770
"Central African Republic"	2019	5209324	862000	1681948	2945000	3260	5096	8570
"Central African Republic"	2020	5343020	926000	1795225	3142000	3180	5130	8970
"Central African Republic"	2021	5457154	920000	1826551	3217000	3120	5151	9270
"Chad"	2000	8168699	1321000	2205617	3486000	7950	8426	8970
"Chad"	2001	8445304	1337000	2291665	3704000	8550	9069	9670
"Chad"	2002	8741588	1131000	2066768	3529000	8120	8615	9180
"Chad"	2003	9095665	1125000	2100279	3539000	8350	8876	9460
"Chad"	2004	9508235	1169000	2133329	3524000	8420	8964	9570
"Chad"	2005	9895457	1225000	2232423	3745000	8840	9428	10100
"Chad"	2006	10252110	1297000	2342105	3881000	9360	9994	10700
"Chad"	2007	10605317	1449000	2424988	3836000	9750	10446	11200
"Chad"	2008	10977133	1729000	2521828	3547000	10100	10874	11700
"Chad"	2009	11370245	2064000	2687611	3451000	10600	11421	12400
"Chad"	2010	11764479	2160000	2777637	3520000	10900	11796	12800
"Chad"	2011	12182850	2022000	2680861	3489000	10600	11519	12600
"Chad"	2012	12615239	1721000	2581469	3722000	10300	11291	12400
"Chad"	2013	13072042	1454000	2516380	4078000	10100	11132	12300
"Chad"	2014	13547142	1402000	2584781	4354000	9930	11106	12400
"Chad"	2015	13985437	1495000	2681805	4506000	9870	11141	12600
"Chad"	2016	14432796	1618000	2812456	4572000	9960	11414	13100
"Chad"	2017	14920693	1702000	2961677	4822000	10000	11657	13700
"Chad"	2018	15433343	1851000	3216108	5303000	9750	11502	13800
"Chad"	2019	15950276	1854000	3277966	5393000	9670	11621	14300
"Chad"	2020	16462441	1904000	3433441	5752000	9580	12190	16000
"Chad"	2021	16991621	1938000	3506428	5833000	9320	11744	15400
"Comoros"	2000	536758	24000	35604	48000	31	89	180
"Comoros"	2001	547741	24000	35623	48000	30	89	180
"Comoros"	2002	559047	24000	35657	48000	31	89	180
"Comoros"	2003	570130	24000	35658	48000	31	89	180
"Comoros"	2004	581154	24000	35631	48000	31	89	180
"Comoros"	2005	592683	24000	35616	48000	31	89	180
"Comoros"	2006	604658	24000	35607	48000	31	89	180
"Comoros"	2007	616899	24000	35591	48000	31	89	180
"Comoros"	2008	629470	24000	35567	48000	31	89	180
"Comoros"	2009	642493	24000	35544	48000	30	89	180
"Comoros"	2010	656024	NA	36538	NA	42	92	140
"Comoros"	2011	670071	NA	24856	NA	28	62	96
"Comoros"	2012	684553	NA	49840	NA	58	125	190
"Comoros"	2013	699393	NA	53156	NA	63	135	210
"Comoros"	2014	714612	NA	2203	NA	2	5	8
"Comoros"	2015	730216	NA	1300	NA	1	3	5
"Comoros"	2016	746232	NA	1143	NA	1	2	4
"Comoros"	2017	761664	NA	3230	NA	3	8	12
"Comoros"	2018	776313	NA	15186	NA	17	38	59
"Comoros"	2019	790986	NA	17599	NA	21	45	69
"Comoros"	2020	806166	NA	4546	NA	5	11	17
"Comoros"	2021	821625	NA	10537	NA	12	26	41
"Congo"	2000	3134030	794000	1107615	1502000	2690	2879	3100
"Congo"	2001	3254101	784000	1141982	1604000	2610	2790	3000
"Congo"	2002	3331158	699000	1071547	1599000	2380	2526	2700
"Congo"	2003	3424653	697000	1093188	1632000	2370	2513	2680
"Congo"	2004	3543012	727000	1126012	1671000	2280	2416	2580
"Congo"	2005	3672839	707000	1100055	1619000	2250	2386	2540
"Congo"	2006	3813323	699000	1063802	1559000	2100	2225	2360
"Congo"	2007	3956329	678000	1015538	1448000	1960	2065	2180
"Congo"	2008	4089602	653000	946201	1321000	1840	1928	2040
"Congo"	2009	4257230	638000	923124	1295000	1810	1898	2000
"Congo"	2010	4437884	656000	951092	1332000	1830	1931	2040
"Congo"	2011	4584216	688000	987985	1386000	1850	1970	2100
"Congo"	2012	4713257	713000	1020805	1409000	1850	2001	2160
"Congo"	2013	4828066	733000	1058288	1473000	1920	2119	2340
"Congo"	2014	4944861	719000	1053862	1492000	1920	2147	2430
"Congo"	2015	5064386	716000	1068094	1538000	1820	2024	2300
"Congo"	2016	5186824	707000	1126282	1722000	1910	2158	2530
"Congo"	2017	5312340	739000	1238519	1975000	1940	2215	2640
"Congo"	2018	5441062	801000	1321959	2068000	1940	2227	2680
"Congo"	2019	5570733	813000	1324386	2026000	2020	2360	2930
"Congo"	2020	5702174	820000	1304055	1963000	1970	2279	2850
"Congo"	2021	5835806	8e+05	1280047	1949000	1980	2293	2900
"Cote dIvoire"	2000	16799670	6671000	8349017	10370000	30000	32078	34400
"Cote dIvoire"	2001	17245468	7113000	8818723	10800000	31600	33888	36300
"Cote dIvoire"	2002	17683896	7350000	9068162	11040000	32100	34372	36900
"Cote dIvoire"	2003	18116452	7470000	9270252	11310000	32000	34284	36900
"Cote dIvoire"	2004	18544904	7509000	9314093	11450000	30400	32711	35200
"Cote dIvoire"	2005	18970216	7109000	8692864	10560000	29400	31615	34100
"Cote dIvoire"	2006	19394056	6911000	8496241	10310000	28900	31237	33700
"Cote dIvoire"	2007	19817700	7112000	8685416	10500000	29400	31806	34500
"Cote dIvoire"	2008	20244448	7515000	9176757	11090000	28400	30883	33500
"Cote dIvoire"	2009	20677762	7883000	9645843	11690000	28000	30583	33300
"Cote dIvoire"	2010	21120042	8136000	9969293	12070000	24900	27301	29900
"Cote dIvoire"	2011	21562914	8165000	9963140	11970000	20700	22772	25100
"Cote dIvoire"	2012	22010712	6556000	8330987	10440000	15000	16621	18400
"Cote dIvoire"	2013	22469268	4912000	6533301	8599000	12000	13315	14800
"Cote dIvoire"	2014	22995556	4369000	5955704	7945000	10900	12233	13700
"Cote dIvoire"	2015	23596740	3962000	5658630	7916000	12300	14009	15900
"Cote dIvoire"	2016	24213622	3722000	5867998	8772000	14600	16874	19400
"Cote dIvoire"	2017	24848016	3611000	6229084	9899000	15400	18079	21100
"Cote dIvoire"	2018	25493988	3853000	6730934	10910000	12600	15035	17800
"Cote dIvoire"	2019	26147552	4117000	7184054	11810000	12300	14918	18100
"Cote dIvoire"	2020	26811790	4158000	7398482	12240000	11800	15110	19300
"Cote dIvoire"	2021	27478248	4149000	7443146	12400000	11400	14906	19500
"Democratic Republic of the Congo"	2000	48616316	18280000	22826514	28320000	92100	100495	110000
"Democratic Republic of the Congo"	2001	50106656	18690000	23541817	29230000	91700	100200	110000
"Democratic Republic of the Congo"	2002	51662072	19130000	24298635	30430000	92900	101615	112000
"Democratic Republic of the Congo"	2003	53205640	19960000	25246571	31260000	96100	105477	116000
"Democratic Republic of the Congo"	2004	54815608	21210000	26379550	32420000	102000	112038	124000
"Democratic Republic of the Congo"	2005	56550248	22130000	27239636	33190000	102000	112726	125000
"Democratic Republic of the Congo"	2006	58381632	22480000	27667876	33730000	104000	115483	129000
"Democratic Republic of the Congo"	2007	60289424	22940000	27977616	33950000	99100	111540	125000
"Democratic Republic of the Congo"	2008	62249724	22730000	27698851	33540000	93400	106675	121000
"Democratic Republic of the Congo"	2009	64270232	21920000	26605770	32130000	87500	101411	117000
"Democratic Republic of the Congo"	2010	66391256	21120000	25886795	31370000	77700	91816	107000
"Democratic Republic of the Congo"	2011	68654272	20460000	25108174	30590000	66400	79872	94300
"Democratic Republic of the Congo"	2012	70997872	19620000	24531464	30210000	55200	67514	81000
"Democratic Republic of the Congo"	2013	73460024	19040000	23984116	29820000	47600	59282	72500
"Democratic Republic of the Congo"	2014	76035584	18390000	23381296	29330000	44600	56824	70900
"Democratic Republic of the Congo"	2015	78656904	18210000	23263844	29360000	44700	58166	74400
"Democratic Republic of the Congo"	2016	81430976	18790000	24224130	30810000	47900	63972	84500
"Democratic Republic of the Congo"	2017	84283272	20050000	25976981	33100000	49500	67810	92300
"Democratic Republic of the Congo"	2018	87087352	21480000	27944491	35280000	46800	65576	92200
"Democratic Republic of the Congo"	2019	89906888	22130000	28830863	36930000	45400	65353	94500
"Democratic Republic of the Congo"	2020	92853168	23120000	30103686	38300000	52200	78709	120000
"Democratic Republic of the Congo"	2021	95894120	23460000	30518545	38840000	50600	78847	126000
"Equatorial Guinea"	2000	684977	136000	213141	320000	660	715	780
"Equatorial Guinea"	2001	719270	151000	219511	310000	660	712	780
"Equatorial Guinea"	2002	754115	164000	227948	306000	660	716	790
"Equatorial Guinea"	2003	789681	181000	242764	319000	680	739	820
"Equatorial Guinea"	2004	826355	202000	264018	339000	700	766	850
"Equatorial Guinea"	2005	864726	222000	287656	368000	700	772	860
"Equatorial Guinea"	2006	905418	230000	302024	388000	680	752	840
"Equatorial Guinea"	2007	948814	238000	314016	405000	620	698	780
"Equatorial Guinea"	2008	994971	229000	307734	406000	580	648	730
"Equatorial Guinea"	2009	1043686	213000	293747	394000	540	610	690
"Equatorial Guinea"	2010	1094524	213000	293402	395000	620	712	820
"Equatorial Guinea"	2011	1144588	219000	306229	419000	630	731	850
"Equatorial Guinea"	2012	1193636	250000	343007	461000	660	786	940
"Equatorial Guinea"	2013	1243941	274000	382479	523000	720	873	1060
"Equatorial Guinea"	2014	1295183	277000	397146	552000	730	904	1130
"Equatorial Guinea"	2015	1346973	271000	406082	584000	650	803	1010
"Equatorial Guinea"	2016	1398927	249000	397276	604000	600	740	930
"Equatorial Guinea"	2017	1450694	223000	380328	608000	610	756	980
"Equatorial Guinea"	2018	1502091	2e+05	360556	6e+05	590	724	940
"Equatorial Guinea"	2019	1553031	192000	347501	584000	590	726	960
"Equatorial Guinea"	2020	1596049	188000	352514	617000	600	766	1060
"Equatorial Guinea"	2021	1634466	183000	348428	603000	610	785	1120
"Eritrea"	2000	2392880	14000	42711	88000	24	98	250
"Eritrea"	2001	2461927	19000	54461	107000	35	130	310
"Eritrea"	2002	2547424	12000	32823	64000	20	74	170
"Eritrea"	2003	2653390	23000	49490	87000	35	112	240
"Eritrea"	2004	2763140	7500	15093	26000	11	32	70
"Eritrea"	2005	2831732	16000	27680	42000	22	59	120
"Eritrea"	2006	2880093	10000	16438	23000	14	36	69
"Eritrea"	2007	2926168	24000	37568	53000	25	60	110
"Eritrea"	2008	3005779	13000	20767	29000	15	37	70
"Eritrea"	2009	3083888	18000	27656	39000	17	41	73
"Eritrea"	2010	3147727	53000	83471	117000	66	161	290
"Eritrea"	2011	3207570	49000	76678	107000	57	141	260
"Eritrea"	2012	3252596	33000	52483	76000	35	85	160
"Eritrea"	2013	3296367	31000	49309	70000	36	88	160
"Eritrea"	2014	3323425	71000	109689	153000	91	227	420
"Eritrea"	2015	3340006	41000	64020	89000	51	128	240
"Eritrea"	2016	3365287	47000	86561	139000	71	198	400
"Eritrea"	2017	3396933	74000	115928	161000	90	221	400
"Eritrea"	2018	3445374	64000	99716	139000	79	196	360
"Eritrea"	2019	3498818	129000	200382	279000	170	437	820
"Eritrea"	2020	3555868	102000	158684	220000	150	372	690
"Eritrea"	2021	3620312	60000	92898	129000	83	211	390
"Eswatini"	2000	288538	340	787	1400	0	2	5
"Eswatini"	2001	291590	NA	1395	NA	1	3	5
"Eswatini"	2002	294226	NA	670	NA	0	1	2
"Eswatini"	2003	296463	NA	342	NA	0	0	1
"Eswatini"	2004	298413	NA	574	NA	0	1	2
"Eswatini"	2005	300128	NA	279	NA	0	0	1
"Eswatini"	2006	301765	NA	155	NA	NA	0	NA
"Eswatini"	2007	303522	NA	84	NA	NA	0	NA
"Eswatini"	2008	305163	NA	58	NA	NA	0	NA
"Eswatini"	2009	306568	NA	106	NA	NA	0	NA
"Eswatini"	2010	307977	NA	268	NA	0	0	1
"Eswatini"	2011	309503	NA	379	NA	0	0	1
"Eswatini"	2012	311204	NA	409	NA	0	1	1
"Eswatini"	2013	313129	NA	728	NA	0	1	2
"Eswatini"	2014	315242	NA	389	NA	0	0	1
"Eswatini"	2015	317502	NA	318	NA	0	0	1
"Eswatini"	2016	319906	NA	250	NA	NA	0	NA
"Eswatini"	2017	322389	NA	440	NA	0	1	1
"Eswatini"	2018	324919	NA	686	NA	0	1	2
"Eswatini"	2019	327491	NA	235	NA	NA	0	NA
"Eswatini"	2020	330583	NA	233	NA	NA	0	NA
"Eswatini"	2021	333835	NA	306	NA	0	0	1
"Ethiopia"	2000	45581670	9009000	15016444	23740000	10300	25208	47700
"Ethiopia"	2001	46932871	3555000	13910882	26450000	4980	23352	52600
"Ethiopia"	2002	48329786	3541000	12570226	23260000	4730	21590	47000
"Ethiopia"	2003	49754811	4418000	13022221	24510000	6520	22799	50200
"Ethiopia"	2004	51204696	5365000	12673710	33330000	6820	23844	72600
"Ethiopia"	2005	52679556	3827000	8879900	23720000	4990	16956	51500
"Ethiopia"	2006	54189912	3464000	8345640	23760000	4200	15221	47500
"Ethiopia"	2007	55757405	3020000	7346228	19960000	3410	12705	41200
"Ethiopia"	2008	57362830	3037000	6406358	16430000	3430	11109	32000
"Ethiopia"	2009	58993797	3737000	8773515	23360000	4440	16218	49500
"Ethiopia"	2010	60681698	4405000	10362488	27230000	5200	19144	57400
"Ethiopia"	2011	62436191	5956000	10953634	23750000	6380	17276	43700
"Ethiopia"	2012	64226870	6611000	13064346	24140000	8010	20863	45200
"Ethiopia"	2013	66017370	6857000	15281540	23400000	9410	27024	51000
"Ethiopia"	2014	67827802	3726000	14339644	28070000	4680	23862	58100
"Ethiopia"	2015	69680889	3473000	12528267	25030000	4560	22125	54000
"Ethiopia"	2016	71599397	2833000	8922403	18580000	3750	16302	40600
"Ethiopia"	2017	73574607	2511000	6600689	13700000	3420	12460	30400
"Ethiopia"	2018	75568019	1541000	2793314	4176000	2330	6500	12800
"Ethiopia"	2019	77602002	1472000	2645193	3979000	2060	5708	11100
"Ethiopia"	2020	79689820	2351000	4227742	6366000	3410	9424	18500
"Ethiopia"	2021	81792456	2094000	3783896	5673000	2920	8041	15800
"Gabon"	2000	1272935	279000	420619	613000	340	365	400
"Gabon"	2001	1306590	281000	421598	607000	270	292	320
"Gabon"	2002	1341696	255000	393460	575000	260	276	300
"Gabon"	2003	1378398	218000	342808	505000	230	243	260
"Gabon"	2004	1417110	173000	266172	388000	210	218	230
"Gabon"	2005	1458353	141000	214915	315000	210	218	230
"Gabon"	2006	1502534	130000	202209	302000	200	214	220
"Gabon"	2007	1549774	123000	200278	310000	200	213	220
"Gabon"	2008	1599978	143000	245099	392000	220	226	240
"Gabon"	2009	1653542	182000	325788	544000	230	243	260
"Gabon"	2010	1711105	228000	400246	663000	250	269	290
"Gabon"	2011	1772500	259000	452439	738000	280	300	330
"Gabon"	2012	1836705	265000	473866	774000	300	332	370
"Gabon"	2013	1902226	251000	475337	824000	340	378	430
"Gabon"	2014	1966855	242000	473210	837000	350	403	470
"Gabon"	2015	2028517	243000	473905	838000	350	407	480
"Gabon"	2016	2086206	250000	476346	825000	340	387	460
"Gabon"	2017	2140215	245000	488279	879000	330	383	460
"Gabon"	2018	2192012	248000	499577	913000	330	387	470
"Gabon"	2019	2242785	269000	512184	897000	330	384	470
"Gabon"	2020	2292573	283000	527769	907000	320	385	490
"Gabon"	2021	2341179	287000	535939	916000	320	384	500
"Gambia"	2000	1437539	334000	449173	582000	600	632	660
"Gambia"	2001	1479449	331000	449211	582000	560	584	610
"Gambia"	2002	1522223	333000	449003	581000	520	542	570
"Gambia"	2003	1566257	331000	448547	582000	500	517	540
"Gambia"	2004	1612225	332000	447989	581000	480	498	520
"Gambia"	2005	1660368	333000	447415	581000	470	488	510
"Gambia"	2006	1711294	331000	447057	580000	470	487	510
"Gambia"	2007	1764883	331000	446954	576000	470	488	510
"Gambia"	2008	1820542	331000	446959	579000	480	492	510
"Gambia"	2009	1878119	331000	447032	576000	480	496	510
"Gambia"	2010	1937275	332000	447124	577000	500	518	540
"Gambia"	2011	1998212	384000	473874	574000	510	528	550
"Gambia"	2012	2061014	420000	523991	638000	520	536	560
"Gambia"	2013	2124869	338000	429429	529000	520	541	560
"Gambia"	2014	2189019	237000	303721	376000	530	551	570
"Gambia"	2015	2253133	346000	450479	564000	540	557	580
"Gambia"	2016	2317206	225000	297058	375000	540	562	590
"Gambia"	2017	2381182	110000	148057	189000	550	577	600
"Gambia"	2018	2444916	143000	196160	253000	570	596	630
"Gambia"	2019	2508883	85000	109975	137000	570	601	640
"Gambia"	2020	2573995	148000	210897	304000	580	608	650
"Gambia"	2021	2639916	150000	213311	307000	580	615	660
"Ghana"	2000	19665502	6322000	8477878	11070000	17900	18647	19400
"Ghana"	2001	20195576	6553000	8428599	10670000	17600	18294	19000
"Ghana"	2002	20758326	6429000	8148113	10170000	16400	16996	17700
"Ghana"	2003	21329514	6182000	7895135	9933000	16100	16714	17400
"Ghana"	2004	21906444	5878000	7590600	9596000	15300	15838	16400
"Ghana"	2005	22496952	5673000	7350612	9341000	14900	15430	16000
"Ghana"	2006	23098586	5690000	7330580	9305000	15100	15682	16300
"Ghana"	2007	23708320	5889000	7556676	9540000	14600	15139	15700
"Ghana"	2008	24326088	6533000	8170400	10210000	14900	15430	16000
"Ghana"	2009	24950762	7235000	8947844	10960000	15800	16413	17100
"Ghana"	2010	25574720	7798000	9571242	11620000	15800	16496	17200
"Ghana"	2011	26205940	8137000	9973490	11990000	16900	17663	18500
"Ghana"	2012	26858762	8187000	9977648	12050000	16300	17076	17900
"Ghana"	2013	27525596	7783000	9540098	11660000	15600	16352	17100
"Ghana"	2014	28196358	7104000	8867522	10960000	14200	14869	15600
"Ghana"	2015	28870940	6263000	7999986	10090000	12900	13459	14100
"Ghana"	2016	29554304	5286000	6953304	8934000	11700	12174	12800
"Ghana"	2017	30222262	4475000	5991625	7808000	11300	11839	12500
"Ghana"	2018	30870640	3976000	5314525	7054000	11600	12227	13000
"Ghana"	2019	31522290	3917000	5242734	6942000	11600	12324	13200
"Ghana"	2020	32180400	3799000	5313608	7289000	11600	12516	13800
"Ghana"	2021	32833032	3833000	5396652	7371000	11600	12557	14000
"Guinea"	2000	8336967	2705000	3616058	4733000	15500	16416	17400
"Guinea"	2001	8445717	2728000	3641386	4852000	15000	15929	16900
"Guinea"	2002	8577790	2536000	3556986	4850000	13600	14464	15400
"Guinea"	2003	8772254	2406000	3457916	4817000	12100	12852	13700
"Guinea"	2004	8961039	2228000	3277416	4643000	10300	10996	11700
"Guinea"	2005	9140114	2101000	3143778	4511000	9290	9906	10600
"Guinea"	2006	9330625	2129000	3153121	4483000	9070	9681	10300
"Guinea"	2007	9547082	2302000	3297950	4599000	9300	9941	10600
"Guinea"	2008	9779785	2692000	3612353	4728000	10100	10773	11500
"Guinea"	2009	10021323	3144000	4003420	5045000	11500	12366	13300
"Guinea"	2010	10270728	3468000	4320306	5328000	12400	13305	14400
"Guinea"	2011	10527712	3715000	4565610	5530000	12900	13865	15000
"Guinea"	2012	10788692	3884000	4696591	5631000	12700	13731	14900
"Guinea"	2013	11055430	3638000	4568741	5658000	11500	12537	13700
"Guinea"	2014	11333365	3402000	4460552	5743000	10600	11602	12800
"Guinea"	2015	11625998	3251000	4402690	5878000	9580	10530	11700
"Guinea"	2016	11930985	3073000	4297908	5822000	8810	9742	10800
"Guinea"	2017	12240789	3058000	4377224	6041000	8330	9277	10400
"Guinea"	2018	12554864	3126000	4508348	6301000	7590	8500	9630
"Guinea"	2019	12877539	2977000	4425904	6386000	7610	8611	9870
"Guinea"	2020	13205153	2698000	4416575	6876000	8210	9954	12300
"Guinea"	2021	13531906	2740000	4477687	6958000	8010	9439	11300
"Guinea-Bissau"	2000	1230849	294000	496631	781000	2120	2296	2510
"Guinea-Bissau"	2001	1257380	228000	410118	673000	1680	1814	1980
"Guinea-Bissau"	2002	1285678	168000	323277	570000	1230	1324	1440
"Guinea-Bissau"	2003	1315653	122000	240938	430000	800	855	910
"Guinea-Bissau"	2004	1347009	88000	166563	286000	720	766	820
"Guinea-Bissau"	2005	1379713	72000	131429	221000	730	775	830
"Guinea-Bissau"	2006	1414091	63000	111165	181000	710	756	810
"Guinea-Bissau"	2007	1450572	73000	112956	169000	710	756	810
"Guinea-Bissau"	2008	1488431	99000	134274	178000	720	774	840
"Guinea-Bissau"	2009	1527196	115000	166267	234000	750	811	880
"Guinea-Bissau"	2010	1567220	122000	198836	304000	770	839	920
"Guinea-Bissau"	2011	1609017	120000	212103	348000	760	844	940
"Guinea-Bissau"	2012	1652717	108000	213019	379000	740	827	930
"Guinea-Bissau"	2013	1697753	89000	208894	418000	730	815	920
"Guinea-Bissau"	2014	1743309	70000	186564	413000	710	800	910
"Guinea-Bissau"	2015	1788919	58000	161401	379000	690	772	880
"Guinea-Bissau"	2016	1834552	47000	139154	326000	720	817	950
"Guinea-Bissau"	2017	1879826	41000	122291	294000	720	829	980
"Guinea-Bissau"	2018	1924955	42000	125653	301000	760	880	1060
"Guinea-Bissau"	2019	1970457	49000	146986	342000	750	875	1060
"Guinea-Bissau"	2020	2015828	61000	189707	453000	770	969	1310
"Guinea-Bissau"	2021	2060721	72000	216542	499000	820	1029	1400
"Kenya"	2000	30851606	5328000	6837558	8588000	11000	11376	11900
"Kenya"	2001	31800344	6270000	7808825	9619000	12600	13118	13700
"Kenya"	2002	32779824	5883000	7444032	9248000	12500	12989	13600
"Kenya"	2003	33767120	5627000	7177403	8995000	12100	12595	13200
"Kenya"	2004	34791836	4830000	6304649	8064000	10900	11285	11700
"Kenya"	2005	35843008	3700000	5018999	6681000	9750	10098	10500
"Kenya"	2006	36925252	2817000	3900370	5279000	9250	9562	9880
"Kenya"	2007	38036792	2216000	3076957	4175000	9240	9541	9850
"Kenya"	2008	39186896	1918000	2652387	3558000	9200	9479	9770
"Kenya"	2009	40364444	1910000	2593628	3452000	9340	9618	9920
"Kenya"	2010	41517896	1993000	2696154	3583000	9500	9788	10100
"Kenya"	2011	42635144	2105000	2844501	3761000	9760	10074	10400
"Kenya"	2012	43725808	2252000	3052340	4052000	9720	10037	10400
"Kenya"	2013	44792368	2372000	3232499	4327000	9720	10058	10400
"Kenya"	2014	45831864	2428000	3312249	4390000	9810	10182	10600
"Kenya"	2015	46851488	2421000	3319230	4397000	9930	10351	10900
"Kenya"	2016	47894672	2301000	3191546	4302000	10200	10733	11400
"Kenya"	2017	48948136	2217000	3155636	4375000	10600	11223	12100
"Kenya"	2018	49953304	2148000	3068062	4260000	10500	11218	12200
"Kenya"	2019	50951448	2168000	3037541	4130000	10600	11298	12400
"Kenya"	2020	51985780	2385000	3302189	4466000	10600	11768	13600
"Kenya"	2021	53005616	2478000	3419698	4641000	10800	12011	14000
"Liberia"	2000	2895224	784000	1248403	1870000	6020	6426	6860
"Liberia"	2001	2981648	830000	1311933	1965000	5970	6369	6800
"Liberia"	2002	3060599	838000	1343961	2049000	5950	6352	6780
"Liberia"	2003	3085173	843000	1339076	2021000	5240	5596	5970
"Liberia"	2004	3122447	831000	1270287	1886000	4400	4688	5000
"Liberia"	2005	3266318	886000	1269211	1765000	3810	4062	4330
"Liberia"	2006	3455397	956000	1300190	1722000	3440	3675	3920
"Liberia"	2007	3632740	1020000	1347464	1742000	3300	3522	3760
"Liberia"	2008	3783887	1090000	1403261	1770000	3300	3525	3770
"Liberia"	2009	3905066	1073000	1384603	1769000	3090	3305	3540
"Liberia"	2010	4019956	1037000	1354819	1748000	2680	2871	3080
"Liberia"	2011	4181150	1031000	1354061	1745000	2630	2813	3020
"Liberia"	2012	4331740	981000	1328628	1758000	2570	2760	2980
"Liberia"	2013	4427313	995000	1381944	1876000	2700	2916	3170
"Liberia"	2014	4519398	1106000	1506350	2024000	3040	3315	3640
"Liberia"	2015	4612329	1223000	1591767	2054000	2790	3070	3400
"Liberia"	2016	4706097	1436000	1773971	2171000	3380	3789	4300
"Liberia"	2017	4796631	1555000	1939400	2403000	3540	4046	4690
"Liberia"	2018	4889391	1496000	1966210	2550000	2960	3419	4030
"Liberia"	2019	4985289	1383000	1954336	2690000	2880	3390	4100
"Liberia"	2020	5087584	1172000	1914081	2944000	2820	3931	5620
"Liberia"	2021	5193416	1124000	1852429	2958000	2690	3578	4960
"Madagascar"	2000	16216431	84000	905987	1995000	190	2239	5830
"Madagascar"	2001	16709665	173000	1111496	2374000	290	2747	6900
"Madagascar"	2002	17211934	24000	898515	2020000	69	2221	5890
"Madagascar"	2003	17724310	26000	1180072	2700000	76	2917	7880
"Madagascar"	2004	18250774	30000	834134	1860000	93	2062	5350
"Madagascar"	2005	18792172	24000	662852	1477000	64	1638	4310
"Madagascar"	2006	19350300	24000	666523	1455000	71	1647	4300
"Madagascar"	2007	19924958	135000	442208	875000	260	1092	2560
"Madagascar"	2008	20513600	260000	469371	798000	430	1160	2410
"Madagascar"	2009	21117092	529000	882824	1397000	840	2182	4350
"Madagascar"	2010	21731052	524000	893540	1440000	820	2208	4460
"Madagascar"	2011	22348158	5e+05	823538	1197000	770	2035	3850
"Madagascar"	2012	22966240	972000	1594592	2509000	1520	3941	7730
"Madagascar"	2013	23588072	961000	1497292	2300000	1470	3701	7170
"Madagascar"	2014	24215976	767000	1078280	1441000	1130	2665	4720
"Madagascar"	2015	24850912	1696000	2345948	3074000	2480	5800	10200
"Madagascar"	2016	25501940	1034000	1408501	1840000	1480	3482	6050
"Madagascar"	2017	26169542	1431000	1971342	2576000	2060	4873	8610
"Madagascar"	2018	26846540	1356000	1921403	2541000	1960	4750	8550
"Madagascar"	2019	27533134	1390000	2032961	2723000	2050	5026	9120
"Madagascar"	2020	28225176	2660000	4010537	5479000	4050	10265	18800
"Madagascar"	2021	28915652	3126000	4911293	6833000	4890	12571	23400
"Malawi"	2000	11229387	3985000	5068222	6336000	17300	18170	19100
"Malawi"	2001	11498818	4274000	5289453	6504000	16100	16919	17800
"Malawi"	2002	11784498	4086000	5157186	6371000	13700	14390	15100
"Malawi"	2003	12087965	3777000	4851733	6108000	11500	12078	12600
"Malawi"	2004	12411342	3631000	4633730	5816000	10100	10600	11100
"Malawi"	2005	12755648	3728000	4716725	5875000	9620	10078	10600
"Malawi"	2006	13118307	3709000	4638347	5718000	9970	10424	10900
"Malawi"	2007	13495463	3765000	4731580	5843000	10700	11175	11700
"Malawi"	2008	13889423	4113000	5115871	6313000	11000	11588	12200
"Malawi"	2009	14298932	4398000	5457399	6648000	10900	11492	12200
"Malawi"	2010	14718422	4539000	5615374	6873000	10200	10817	11500
"Malawi"	2011	15146094	4460000	5570026	6906000	9400	9906	10500
"Malawi"	2012	15581251	3896000	5053353	6421000	8580	9015	9520
"Malawi"	2013	16024775	3566000	4685666	6075000	7530	7925	8390
"Malawi"	2014	16477966	3306000	4353265	5658000	6930	7365	7870
"Malawi"	2015	16938942	3115000	4106623	5354000	6520	7023	7600
"Malawi"	2016	17405624	2975000	3949459	5105000	6370	6954	7630
"Malawi"	2017	17881168	2961000	3911675	5053000	6350	7024	7850
"Malawi"	2018	18367884	2893000	3859499	5054000	6280	7021	7990
"Malawi"	2019	18867336	2661000	3867128	5358000	6260	7061	8160
"Malawi"	2020	19377060	2503000	4252631	6787000	6300	7400	9200
"Malawi"	2021	19889742	2557000	4359158	6888000	6310	7392	9230
"Mali"	2000	11239101	3100000	4565653	6579000	23400	24739	26200
"Mali"	2001	11583824	3192000	4719788	6804000	21000	22250	23600
"Mali"	2002	11952660	3328000	4977784	7234000	21100	22339	23700
"Mali"	2003	12342165	3492000	5230718	7473000	20700	21913	23200
"Mali"	2004	12751995	3741000	5475357	7761000	21300	22551	23900
"Mali"	2005	13180551	3946000	5683984	8192000	22400	23776	25300
"Mali"	2006	13623541	3844000	5527211	7850000	22000	23397	24900
"Mali"	2007	14080912	3825000	5474736	7702000	20400	21774	23200
"Mali"	2008	14551117	3813000	5515727	7710000	18000	19237	20600
"Mali"	2009	15032635	3905000	5630658	7774000	16000	17172	18400
"Mali"	2010	15529181	4268000	5957047	8204000	16100	17356	18700
"Mali"	2011	16039734	4634000	6491808	8858000	18700	20247	22000
"Mali"	2012	16514687	5122000	7194633	9768000	21900	23944	26200
"Mali"	2013	17004032	5513000	7699696	10580000	23200	25545	28100
"Mali"	2014	17551814	5562000	7740479	10730000	20500	22863	25400
"Mali"	2015	18112908	5034000	7097168	10060000	15800	17783	20000
"Mali"	2016	18700106	5063000	7184988	10200000	12900	14736	16800
"Mali"	2017	19311356	5279000	7469199	10620000	13300	15442	17900
"Mali"	2018	19934298	5441000	7710138	10950000	15500	18423	21800
"Mali"	2019	20567424	4844000	6863255	9742000	15300	18630	22600
"Mali"	2020	21224040	5354000	7586538	10780000	15100	20662	28000
"Mali"	2021	21904984	5463000	7744735	11010000	14600	19933	27400
"Mauritania"	2000	2695003	147000	304757	559000	890	937	990
"Mauritania"	2001	2761823	153000	307700	552000	850	900	950
"Mauritania"	2002	2821703	130000	308961	579000	830	880	940
"Mauritania"	2003	2883326	136000	319661	628000	820	877	940
"Mauritania"	2004	2946575	90000	286610	557000	790	845	910
"Mauritania"	2005	3012360	77000	281841	563000	820	880	960
"Mauritania"	2006	3081229	61000	258559	552000	800	874	960
"Mauritania"	2007	3153508	64000	246899	519000	790	863	960
"Mauritania"	2008	3233336	50000	209089	423000	790	867	970
"Mauritania"	2009	3322616	3600	108111	256000	790	874	990
"Mauritania"	2010	3419461	6900	123348	275000	790	869	990
"Mauritania"	2011	3524249	35000	162490	343000	810	902	1040
"Mauritania"	2012	3636113	5600	88074	212000	840	939	1100
"Mauritania"	2013	3742959	5800	101247	237000	840	953	1130
"Mauritania"	2014	3843174	75000	216687	431000	870	996	1210
"Mauritania"	2015	3946220	107000	291679	578000	890	1032	1280
"Mauritania"	2016	4051890	162000	386314	723000	910	1049	1310
"Mauritania"	2017	4160015	112000	306475	614000	920	1069	1340
"Mauritania"	2018	4270712	98000	236485	436000	930	1085	1380
"Mauritania"	2019	4383849	65000	184057	356000	950	1114	1440
"Mauritania"	2020	4498604	69000	201771	395000	970	1129	1460
"Mauritania"	2021	4614974	40000	85030	145000	980	1144	1500
"Mozambique"	2000	17768504	6834000	8416877	10240000	41500	44699	48100
"Mozambique"	2001	18220716	7454000	8997785	10840000	41000	44168	47600
"Mozambique"	2002	18694946	7613000	9283388	11120000	38000	40972	44200
"Mozambique"	2003	19186754	7634000	9278676	11180000	34200	36977	39900
"Mozambique"	2004	19694412	7385000	8967650	10870000	29500	31912	34500
"Mozambique"	2005	20211114	6982000	8517561	10330000	25100	27220	29400
"Mozambique"	2006	20735982	6796000	8325146	10090000	25200	27304	29500
"Mozambique"	2007	21280512	6739000	8256754	10030000	24000	26006	28100
"Mozambique"	2008	21845572	6821000	8345403	10100000	23600	25587	27700
"Mozambique"	2009	22436660	6916000	8469429	10330000	24000	25990	28200
"Mozambique"	2010	23073724	7027000	8660053	10530000	24000	26140	28600
"Mozambique"	2011	23760420	7196000	8783904	10700000	23300	25686	28500
"Mozambique"	2012	24487612	7374000	9032885	11010000	22400	25176	28500
"Mozambique"	2013	25251732	7595000	9291989	11360000	22100	25425	29500
"Mozambique"	2014	26038704	7549000	9315947	11400000	21000	24756	29700
"Mozambique"	2015	26843246	7652000	9403454	11440000	19600	23519	29000
"Mozambique"	2016	27696492	7668000	9501504	11610000	18600	22857	29200
"Mozambique"	2017	28569440	7590000	9422965	11580000	17000	21403	28100
"Mozambique"	2018	29423878	7453000	9406462	11690000	14900	19200	25900
"Mozambique"	2019	30285596	7228000	9421431	1.2e+07	14500	19156	26700
"Mozambique"	2020	31178240	7028000	9990474	13770000	14700	23693	40300
"Mozambique"	2021	32077072	7172000	10283922	14230000	13900	22291	37800
"Namibia"	2000	1443943	31000	77408	155000	56	198	470
"Namibia"	2001	1473519	56000	102902	185000	93	263	580
"Namibia"	2002	1499016	33000	70395	139000	56	180	420
"Namibia"	2003	1520368	28000	67564	140000	48	172	430
"Namibia"	2004	1539403	51000	105493	202000	89	270	630
"Namibia"	2005	1558024	34000	65303	118000	57	167	370
"Namibia"	2006	1576830	41000	68176	113000	66	174	350
"Namibia"	2007	1596621	6300	20663	47000	11	52	150
"Namibia"	2008	1618100	1600	12094	33000	2	30	97
"Namibia"	2009	1641410	790	6068	18000	1	15	53
"Namibia"	2010	1666296	800	2590	6200	1	6	19
"Namibia"	2011	1692544	2100	3092	4800	3	7	15
"Namibia"	2012	1720429	2200	5465	9400	3	13	32
"Namibia"	2013	1749829	6200	7844	9600	8	20	33
"Namibia"	2014	1780382	20000	25780	32000	28	65	110
"Namibia"	2015	1811896	12000	15052	18000	17	38	65
"Namibia"	2016	1844160	25000	32052	39000	36	82	140
"Namibia"	2017	1876848	71000	89155	109000	100	228	380
"Namibia"	2018	1909508	40000	50217	61000	56	128	220
"Namibia"	2019	1942023	4100	5705	8100	6	14	26
"Namibia"	2020	1975721	16000	20258	25000	22	51	87
"Namibia"	2021	2008307	17000	21322	26000	23	54	92
"Niger"	2000	11622665	2317000	4134706	6854000	24400	26182	28100
"Niger"	2001	12031430	2346000	4180737	6946000	21600	23238	25000
"Niger"	2002	12456517	2278000	4048859	6616000	19900	21344	23000
"Niger"	2003	12900790	2266000	3825282	6086000	17800	19133	20600
"Niger"	2004	13366885	2525000	4016648	6010000	16600	17876	19300
"Niger"	2005	13855221	2688000	4271200	6443000	18500	20011	21600
"Niger"	2006	14365168	2712000	4386050	6753000	17800	19349	21000
"Niger"	2007	14897873	2984000	4668666	6934000	18400	20076	21900
"Niger"	2008	15455175	3756000	5403729	7532000	19200	21260	23500
"Niger"	2009	16037915	4323000	6017879	8204000	21300	23951	26900
"Niger"	2010	16647543	4821000	6785885	9379000	23100	26471	30300
"Niger"	2011	17283112	5094000	7283090	10040000	24000	28225	33000
"Niger"	2012	17954408	5207000	7633594	10810000	24000	28977	34700
"Niger"	2013	18653200	5056000	7717689	11360000	23200	28864	35800
"Niger"	2014	19372014	5052000	7880779	11660000	21900	27969	35700
"Niger"	2015	20128124	5143000	8073585	12100000	19900	26184	34500
"Niger"	2016	20921744	5142000	8053568	12120000	19300	26110	35500
"Niger"	2017	21737922	5016000	7883346	11850000	17100	23815	33400
"Niger"	2018	22577058	4896000	7760340	11740000	15400	22047	32200
"Niger"	2019	23443392	4731000	7631511	11760000	15300	22568	34200
"Niger"	2020	24333640	4583000	7845383	12750000	15400	24068	39200
"Niger"	2021	25252722	4723000	8166369	13300000	15300	24997	42700
"Nigeria"	2000	122851984	39480000	50779020	64300000	236000	249259	263000
"Nigeria"	2001	126152680	39830000	51229713	65120000	229000	242479	256000
"Nigeria"	2002	129583024	39530000	50952482	64780000	218000	230464	244000
"Nigeria"	2003	133119800	40940000	52423482	66420000	213000	226442	240000
"Nigeria"	2004	136756848	43690000	55028747	68160000	213000	226548	240000
"Nigeria"	2005	140490720	46230000	57411916	70620000	217000	230350	244000
"Nigeria"	2006	144329760	47900000	59418382	72790000	218000	232391	247000
"Nigeria"	2007	148294032	49660000	61400329	75070000	215000	229178	244000
"Nigeria"	2008	152382512	51780000	63355538	76750000	207000	221435	237000
"Nigeria"	2009	156595760	51800000	63192869	76430000	196000	210275	226000
"Nigeria"	2010	160952848	49030000	60551056	73900000	183000	197612	214000
"Nigeria"	2011	165463744	46920000	58184509	71320000	169000	184121	2e+05
"Nigeria"	2012	170075936	44970000	55718235	68540000	158000	173344	191000
"Nigeria"	2013	174726128	43380000	53921321	66320000	152000	168943	188000
"Nigeria"	2014	179379008	42810000	53483458	65930000	147000	165188	186000
"Nigeria"	2015	183995792	43300000	54115123	67110000	143000	163088	188000
"Nigeria"	2016	188666928	44060000	55667334	69130000	143000	165672	195000
"Nigeria"	2017	193495904	45870000	57869533	72050000	150000	176539	212000
"Nigeria"	2018	198387616	46930000	59652248	75230000	156000	186940	231000
"Nigeria"	2019	203304496	47440000	61379283	78810000	152000	187428	239000
"Nigeria"	2020	208327408	46800000	65133759	88650000	151000	195720	263000
"Nigeria"	2021	213401328	47520000	65399501	8.9e+07	146000	193512	268000
"Rwanda"	2000	8109989	745000	1536115	2793000	6480	6769	7080
"Rwanda"	2001	8223941	756000	1478868	2630000	6180	6459	6760
"Rwanda"	2002	8372306	708000	1375805	2495000	5100	5320	5560
"Rwanda"	2003	8567992	610000	1231753	1987000	4230	4393	4570
"Rwanda"	2004	8791853	455000	1101660	1815000	3600	3718	3850
"Rwanda"	2005	9026299	385000	1385594	2311000	3230	3334	3450
"Rwanda"	2006	9270066	360000	1396437	2213000	3040	3129	3230
"Rwanda"	2007	9523168	501000	840559	1264000	2950	3031	3120
"Rwanda"	2008	9781996	425000	683661	1003000	2900	2984	3070
"Rwanda"	2009	10043737	1007000	1546660	2169000	2880	2956	3040
"Rwanda"	2010	10309031	747000	1079765	1422000	2900	2982	3080
"Rwanda"	2011	10576932	291000	390611	494000	2850	2936	3030
"Rwanda"	2012	10840334	511000	646386	788000	2820	2903	3000
"Rwanda"	2013	11101350	1014000	1214623	1429000	2810	2894	3000
"Rwanda"	2014	11368451	1727000	2299121	2895000	2820	2904	3010
"Rwanda"	2015	11642959	2667000	3585563	4538000	2850	2948	3070
"Rwanda"	2016	11930899	3602000	4887836	6231000	2910	3027	3180
"Rwanda"	2017	12230339	6334000	8681013	11160000	2950	3086	3270
"Rwanda"	2018	12531808	4523000	6184131	7923000	2940	3093	3310
"Rwanda"	2019	12835028	3862000	5279485	6772000	2970	3143	3400
"Rwanda"	2020	13146362	2177000	2986047	3831000	3010	3205	3530
"Rwanda"	2021	13461888	1242000	1700493	2184000	3050	3258	3630
"Sao Tome and Principe"	2000	143714	NA	31975	NA	NA	254	NA
"Sao Tome and Principe"	2001	146258	NA	42086	NA	NA	248	NA
"Sao Tome and Principe"	2002	149841	NA	50586	NA	NA	321	NA
"Sao Tome and Principe"	2003	153762	NA	42656	NA	NA	193	NA
"Sao Tome and Principe"	2004	157697	NA	46486	NA	NA	169	NA
"Sao Tome and Principe"	2005	161680	NA	18139	NA	NA	85	NA
"Sao Tome and Principe"	2006	165725	NA	5146	NA	NA	26	NA
"Sao Tome and Principe"	2007	169845	NA	2421	NA	NA	3	NA
"Sao Tome and Principe"	2008	174004	NA	6258	NA	NA	16	NA
"Sao Tome and Principe"	2009	178128	NA	6182	NA	NA	23	NA
"Sao Tome and Principe"	2010	182138	NA	3146	NA	NA	14	NA
"Sao Tome and Principe"	2011	186044	NA	8442	NA	NA	19	NA
"Sao Tome and Principe"	2012	189924	NA	12550	NA	NA	7	NA
"Sao Tome and Principe"	2013	193757	NA	9243	NA	NA	11	NA
"Sao Tome and Principe"	2014	197497	NA	1754	NA	NA	0	NA
"Sao Tome and Principe"	2015	201124	NA	2056	NA	NA	0	NA
"Sao Tome and Principe"	2016	204632	NA	2238	NA	NA	1	NA
"Sao Tome and Principe"	2017	208036	NA	2239	NA	NA	1	NA
"Sao Tome and Principe"	2018	211344	NA	2937	NA	NA	0	NA
"Sao Tome and Principe"	2019	214599	NA	2732	NA	NA	0	NA
"Sao Tome and Principe"	2020	218641	NA	1933	NA	NA	0	NA
"Sao Tome and Principe"	2021	223107	NA	2719	NA	NA	1	NA
"Senegal"	2000	9704287	1762000	2676527	3648000	5890	6114	6350
"Senegal"	2001	9938027	669000	2470115	3713000	5590	5796	6010
"Senegal"	2002	10180950	505000	2248602	3810000	4610	4753	4900
"Senegal"	2003	10434504	726000	2063074	3342000	4720	4867	5020
"Senegal"	2004	10698691	308000	1393434	2581000	4310	4435	4560
"Senegal"	2005	10974057	441000	1362379	2275000	3950	4056	4160
"Senegal"	2006	11263387	442000	1376263	2459000	3830	3926	4020
"Senegal"	2007	11563869	361000	1160145	2134000	3760	3850	3940
"Senegal"	2008	11872929	396000	628766	914000	3770	3862	3950
"Senegal"	2009	12195029	276000	405713	550000	3760	3847	3940
"Senegal"	2010	12530121	536000	763134	1012000	3750	3833	3920
"Senegal"	2011	12875880	437000	626038	831000	3720	3799	3880
"Senegal"	2012	13231833	489000	706020	954000	3640	3712	3790
"Senegal"	2013	13595566	567000	793415	1058000	3670	3741	3820
"Senegal"	2014	13970308	390000	532782	694000	3780	3857	3940
"Senegal"	2015	14356181	684000	1010929	1370000	3820	3910	4010
"Senegal"	2016	14751356	467000	684129	924000	3810	3904	4020
"Senegal"	2017	15157793	559000	805691	1073000	3870	3987	4130
"Senegal"	2018	15574909	731000	1047659	1405000	4040	4192	4390
"Senegal"	2019	16000781	455000	672221	913000	4070	4251	4490
"Senegal"	2020	16436120	565000	835455	1131000	4110	4311	4580
"Senegal"	2021	16876720	674000	995763	1347000	4160	4375	4680
"Sierra Leone"	2000	4584067	1336000	2081568	3098000	11900	12666	13500
"Sierra Leone"	2001	4857096	1414000	2201474	3271000	13000	13847	14700
"Sierra Leone"	2002	5140113	1427000	2269445	3436000	13000	13834	14700
"Sierra Leone"	2003	5350907	1406000	2246838	3467000	12300	13061	13900
"Sierra Leone"	2004	5533329	1411000	2267452	3451000	11800	12513	13300
"Sierra Leone"	2005	5683334	1388000	2270241	3575000	10700	11356	12100
"Sierra Leone"	2006	5809774	1356000	2277054	3631000	10200	10844	11600
"Sierra Leone"	2007	5939163	1490000	2396659	3650000	10500	11216	12000
"Sierra Leone"	2008	6090860	1876000	2654929	3670000	11900	12713	13600
"Sierra Leone"	2009	6259842	2161000	2881379	3778000	13300	14159	15100
"Sierra Leone"	2010	6436698	2222000	2977797	3884000	14400	15377	16500
"Sierra Leone"	2011	6612385	2266000	3009591	3916000	14000	15008	16100
"Sierra Leone"	2012	6788587	2324000	2986182	3751000	13000	14021	15100
"Sierra Leone"	2013	6964859	2344000	2921184	3620000	12000	13009	14100
"Sierra Leone"	2014	7140688	2265000	2868023	3563000	10400	11317	12400
"Sierra Leone"	2015	7314773	2252000	2857523	3601000	9940	10884	12000
"Sierra Leone"	2016	7493913	2304000	2914796	3616000	8720	9659	10700
"Sierra Leone"	2017	7677565	2239000	2883985	3668000	7830	8760	9790
"Sierra Leone"	2018	7861281	2165000	2901372	3819000	6550	7408	8370
"Sierra Leone"	2019	8046828	1953000	2857585	4016000	6330	7236	8300
"Sierra Leone"	2020	8233970	1646000	2795827	4477000	6260	9020	12600
"Sierra Leone"	2021	8420641	1596000	2777394	4538000	5940	8314	11400
"South Africa"	2000	4681326	13000	18206	26000	NA	424	NA
"South Africa"	2001	4722971	NA	26506	NA	NA	81	NA
"South Africa"	2002	4766151	NA	15649	NA	NA	96	NA
"South Africa"	2003	4810404	NA	13459	NA	NA	142	NA
"South Africa"	2004	4855607	NA	13399	NA	NA	88	NA
"South Africa"	2005	4901714	NA	7755	NA	NA	63	NA
"South Africa"	2006	4949175	NA	12098	NA	NA	87	NA
"South Africa"	2007	4999609	NA	6327	NA	NA	37	NA
"South Africa"	2008	5056581	NA	7796	NA	NA	43	NA
"South Africa"	2009	5117078	NA	6072	NA	NA	45	NA
"South Africa"	2010	5178492	NA	8060	NA	NA	83	NA
"South Africa"	2011	5244332	NA	9866	NA	NA	54	NA
"South Africa"	2012	5314503	NA	6621	NA	NA	72	NA
"South Africa"	2013	5387361	NA	8645	NA	NA	105	NA
"South Africa"	2014	5472955	NA	11705	NA	NA	174	NA
"South Africa"	2015	5587650	NA	4959	NA	NA	110	NA
"South Africa"	2016	5642227	NA	4323	NA	NA	34	NA
"South Africa"	2017	5664120	NA	23381	NA	NA	301	NA
"South Africa"	2018	5733963	NA	9562	NA	NA	69	NA
"South Africa"	2019	5808705	NA	4821	NA	NA	79	NA
"South Africa"	2020	5880192	NA	4463	NA	NA	38	NA
"South Africa"	2021	5939225	NA	2958	NA	NA	56	NA
"South Sudan"	2000	6114440	1533000	2245004	3162000	9630	10974	12500
"South Sudan"	2001	6394431	1488000	2283971	3398000	9240	10504	11900
"South Sudan"	2002	6686100	1410000	2250591	3418000	8320	9420	10700
"South Sudan"	2003	6992367	1421000	2229084	3353000	7760	8771	9920
"South Sudan"	2004	7317118	1514000	2243889	3253000	7150	8090	9180
"South Sudan"	2005	7662654	1618000	2342844	3292000	6640	7547	8600
"South Sudan"	2006	8029517	1710000	2450862	3393000	6290	7226	8290
"South Sudan"	2007	8417823	1819000	2520885	3395000	5920	6861	7950
"South Sudan"	2008	8823888	2e+06	2586745	3267000	5670	6687	7860
"South Sudan"	2009	9229227	2099000	2640300	3268000	5320	6387	7630
"South Sudan"	2010	9714419	2183000	2775374	3450000	5010	6108	7390
"South Sudan"	2011	10243050	2308000	2979272	3782000	4760	5900	7270
"South Sudan"	2012	10701604	2358000	3079924	3971000	4640	5840	7330
"South Sudan"	2013	11106031	2399000	3173418	4121000	4590	5925	7640
"South Sudan"	2014	11213284	2282000	3098291	4115000	4660	6232	8330
"South Sudan"	2015	11194299	2108000	3033662	4190000	4720	6542	9090
"South Sudan"	2016	11066105	1901000	2949646	4401000	4760	6890	10000
"South Sudan"	2017	10658226	1791000	2960681	4578000	4690	7134	10900
"South Sudan"	2018	10395329	1695000	2898120	4628000	4400	6869	11000
"South Sudan"	2019	10447666	1652000	2938499	4811000	4380	7095	11900
"South Sudan"	2020	10606227	1664000	3042784	5116000	4340	7290	12800
"South Sudan"	2021	10748272	1643000	2953582	4972000	4200	7344	13600
"Togo"	2000	5008035	1614000	2221914	2995000	4900	5177	5490
"Togo"	2001	5145426	1700000	2289405	3019000	4980	5270	5590
"Togo"	2002	5281538	1806000	2382832	3104000	5400	5723	6080
"Togo"	2003	5421001	1957000	2518511	3171000	5630	5978	6360
"Togo"	2004	5565218	2123000	2657728	3295000	6100	6497	6920
"Togo"	2005	5711597	2152000	2693615	3327000	6420	6843	7300
"Togo"	2006	5874240	2115000	2660724	3317000	6210	6626	7080
"Togo"	2007	6047537	2020000	2566605	3203000	5660	6042	6470
"Togo"	2008	6222482	1780000	2307220	2934000	4670	4984	5330
"Togo"	2009	6398624	1588000	2050314	2609000	3990	4253	4540
"Togo"	2010	6571855	1551000	1984921	2513000	3780	4046	4330
"Togo"	2011	6748672	1581000	2034724	2574000	3800	4076	4380
"Togo"	2012	6926635	1801000	2295985	2867000	4190	4526	4890
"Togo"	2013	7106229	2106000	2609672	3177000	4720	5138	5600
"Togo"	2014	7288383	2179000	2688180	3267000	4870	5356	5880
"Togo"	2015	7473229	2163000	2669469	3274000	4670	5177	5730
"Togo"	2016	7661354	1986000	2488548	3091000	3960	4414	4920
"Togo"	2017	7852795	1692000	2179253	2774000	3390	3793	4260
"Togo"	2018	8046679	1497000	2014395	2660000	3240	3667	4180
"Togo"	2019	8243094	1351000	1966638	2775000	3220	3703	4310
"Togo"	2020	8442580	1236000	2049459	3196000	3160	3745	4570
"Togo"	2021	8644829	1246000	2053345	3216000	3090	3715	4650
"Uganda"	2000	24020696	9001000	11703496	14900000	42500	44688	47000
"Uganda"	2001	24763324	9580000	12579134	16060000	48500	51069	53800
"Uganda"	2002	25545090	9848000	12776442	16360000	46100	48487	51000
"Uganda"	2003	26354736	9768000	12758978	16370000	41600	43827	46100
"Uganda"	2004	27146084	9362000	12210978	15630000	35800	37670	39600
"Uganda"	2005	27946588	9381000	12118906	15490000	27800	29135	30600
"Uganda"	2006	28773228	9271000	12122459	15580000	24200	25409	26700
"Uganda"	2007	29629804	9526000	12308621	15730000	23400	24542	25800
"Uganda"	2008	30509862	10080000	12751923	15880000	25600	26929	28400
"Uganda"	2009	31412520	10610000	13289108	16390000	27300	28832	30400
"Uganda"	2010	32341728	10580000	13241888	16340000	25500	26913	28400
"Uganda"	2011	33295738	10370000	13141152	16350000	22400	23606	24900
"Uganda"	2012	34273296	10170000	12905814	16150000	18600	19568	20700
"Uganda"	2013	35273568	8926000	11722973	15070000	15200	15938	16800
"Uganda"	2014	36336540	7964000	10693203	14110000	14400	15148	16000
"Uganda"	2015	37477356	6650000	9501063	12970000	14800	15704	16800
"Uganda"	2016	38748300	7796000	10971082	14470000	17000	18494	20300
"Uganda"	2017	40127084	7821000	11833607	16340000	18500	20560	23200
"Uganda"	2018	41515396	7261000	10905744	17280000	15500	17114	19300
"Uganda"	2019	42949080	7420000	11282360	17810000	15500	17282	19800
"Uganda"	2020	44404612	8333000	12602807	19840000	15700	20279	27800
"Uganda"	2021	45853776	8637000	13023397	20610000	15700	19663	26400
"United Republic of Tanzania"	2000	34463704	9392000	12072965	15090000	40700	42579	44700
"United Republic of Tanzania"	2001	35414468	9448000	12064438	15210000	38200	40009	41900
"United Republic of Tanzania"	2002	36353532	8826000	11478532	14640000	33400	34901	36500
"United Republic of Tanzania"	2003	37333920	8430000	11088120	14240000	30200	31635	33100
"United Republic of Tanzania"	2004	38360880	8086000	10574049	13660000	27000	28232	29500
"United Republic of Tanzania"	2005	39439504	7651000	9949128	12810000	24800	25833	27000
"United Republic of Tanzania"	2006	40562052	6980000	9232996	11950000	23100	24055	25100
"United Republic of Tanzania"	2007	41716496	6160000	8298126	10990000	21900	22751	23700
"United Republic of Tanzania"	2008	42870884	5486000	7417960	9901000	21500	22293	23200
"United Republic of Tanzania"	2009	43957932	4999000	6797118	9043000	21200	21981	22900
"United Republic of Tanzania"	2010	45110528	4659000	6350485	8422000	20900	21764	22700
"United Republic of Tanzania"	2011	46416032	4415000	5992159	8018000	20500	21356	22300
"United Republic of Tanzania"	2012	47786136	4348000	5841953	7779000	20000	20879	21800
"United Republic of Tanzania"	2013	49253644	4775000	6440590	8504000	20700	21744	22900
"United Republic of Tanzania"	2014	50814552	5387000	7267262	9511000	21200	22378	23700
"United Republic of Tanzania"	2015	52542824	5516000	7382963	9735000	21600	22917	24500
"United Republic of Tanzania"	2016	54401800	5324000	7151258	9366000	22100	23689	25600
"United Republic of Tanzania"	2017	56267032	5188000	7003374	9204000	22100	23852	26100
"United Republic of Tanzania"	2018	58090444	5082000	6852548	9022000	22400	24278	26900
"United Republic of Tanzania"	2019	59872580	5051000	7040493	9508000	22600	24699	27700
"United Republic of Tanzania"	2020	61704520	4974000	7604750	10990000	22800	25464	29500
"United Republic of Tanzania"	2021	63588336	5300000	7997711	11620000	23000	25787	30300
"Zambia"	2000	9891136	2989000	3927883	5045000	11900	12485	13200
"Zambia"	2001	10191964	3233000	4119122	5158000	11900	12569	13200
"Zambia"	2002	10508294	3021000	3903346	4956000	10500	10981	11500
"Zambia"	2003	10837973	2894000	3777289	4879000	9600	10055	10500
"Zambia"	2004	11188040	2576000	3376477	4342000	8360	8759	9170
"Zambia"	2005	11564870	2316000	2988921	3805000	7360	7702	8050
"Zambia"	2006	11971567	2061000	2663591	3403000	6840	7118	7420
"Zambia"	2007	12402073	1842000	2399017	3054000	6520	6767	7030
"Zambia"	2008	12852966	1714000	2217906	2805000	6450	6688	6940
"Zambia"	2009	13318087	1712000	2200401	2773000	6480	6720	6980
"Zambia"	2010	13792086	1811000	2323628	2922000	6440	6675	6930
"Zambia"	2011	14265814	2024000	2575149	3259000	6790	7047	7330
"Zambia"	2012	14744658	2318000	2954071	3705000	7160	7458	7780
"Zambia"	2013	15234976	2727000	3467685	4340000	7630	7974	8360
"Zambia"	2014	15737793	2864000	3656181	4594000	7980	8385	8840
"Zambia"	2015	16248230	2796000	3563606	4453000	7820	8231	8700
"Zambia"	2016	16767761	2607000	3453634	4480000	7660	8104	8620
"Zambia"	2017	17298054	2257000	3204416	4410000	7510	8011	8610
"Zambia"	2018	17835892	2156000	3189765	4575000	7520	8107	8870
"Zambia"	2019	18380476	2122000	3205531	4623000	7560	8244	9190
"Zambia"	2020	18927716	2217000	3537563	5289000	7590	8846	10800
"Zambia"	2021	19473124	2316000	3655518	5482000	7580	8806	10800
"Zimbabwe"	2000	9318943	240000	987103	2453000	440	2526	7240
"Zimbabwe"	2001	9379025	226000	993468	2460000	470	2543	7270
"Zimbabwe"	2002	9437032	226000	999612	2445000	490	2559	7160
"Zimbabwe"	2003	9508833	232000	1007217	2517000	480	2578	7440
"Zimbabwe"	2004	9575806	217000	1014311	2486000	480	2596	7340
"Zimbabwe"	2005	9626100	228000	1019639	2515000	460	2610	7480
"Zimbabwe"	2006	9709360	236000	1028458	2582000	490	2632	7750
"Zimbabwe"	2007	9803913	718000	1690025	2968000	1340	4326	9310
"Zimbabwe"	2008	9882482	119000	688884	1367000	270	1763	4240
"Zimbabwe"	2009	9984424	298000	763956	1343000	560	1955	4240
"Zimbabwe"	2010	10110382	608000	1097776	1733000	1000	2810	5630
"Zimbabwe"	2011	10256854	472000	722030	993000	730	1848	3430
"Zimbabwe"	2012	10445479	405000	592559	794000	620	1516	2760
"Zimbabwe"	2013	10673905	618000	863692	1126000	910	2211	3960
"Zimbabwe"	2014	10910394	808000	1093059	1399000	1180	2798	4870
"Zimbabwe"	2015	11145979	726000	1067121	1450000	1090	2731	4970
"Zimbabwe"	2016	11380449	501000	760626	1052000	780	1947	3600
"Zimbabwe"	2017	11615415	833000	1337886	1931000	1300	3424	6530
"Zimbabwe"	2018	11852496	392000	634718	896000	630	1624	3100
"Zimbabwe"	2019	12090632	471000	782740	1125000	750	2003	3860
"Zimbabwe"	2020	12338718	693000	1152901	1662000	1080	2951	5680
"Zimbabwe"	2021	12593732	205000	342543	492000	320	876	1680
